== Checkpoint 3 ==

complex_sum_z

complex_sum_z(91,492,268,202) -> 1053
complex_sum_z(656,545,824,107) -> 2132
complex_sum_z(811,390,84,371) -> 1656
complex_sum_z(443,53,46,501) -> 1043
complex_sum_z(960,499,839,858) -> 3156
complex_sum_z(165,880,258,724) -> 2027
complex_sum_z(916,831,110,30) -> 1887
complex_sum_z(419,963,64,353) -> 1799
complex_sum_z(526,828,339,512) -> 2205
complex_sum_z(681,652,5,668) -> 2006
complex_sum_z(246,976,100,251) -> 1573
complex_sum_z(919,875,823,439) -> 3056
complex_sum_z(435,376,906,388) -> 2105
complex_sum_z(141,320,713,555) -> 1729
complex_sum_z(425,440,135,44) -> 1044
complex_sum_z(979,628,809,980) -> 3396
complex_sum_z(816,988,424,761) -> 2989
complex_sum_z(625,639,565,612) -> 2441
complex_sum_z(476,509,171,701) -> 1857
complex_sum_z(576,522,120,167) -> 1385
complex_sum_z(871,494,783,592) -> 2740
complex_sum_z(158,33,477,243) -> 911
complex_sum_z(447,68,335,927) -> 1777
complex_sum_z(144,185,835,964) -> 2128
complex_sum_z(467,745,784,272) -> 2268
complex_sum_z(686,580,456,698) -> 2420
complex_sum_z(49,571,776,464) -> 1860
complex_sum_z(115,396,147,31) -> 689
complex_sum_z(792,170,373,53) -> 1388
complex_sum_z(609,773,604,457) -> 2443
complex_sum_z(524,384,829,973) -> 2710
complex_sum_z(610,632,759,952) -> 2953
complex_sum_z(611,485,415,851) -> 2362
complex_sum_z(535,771,232,524) -> 2062
complex_sum_z(821,477,989,343) -> 2630
complex_sum_z(897,965,55,918) -> 2835
complex_sum_z(980,490,197,639) -> 2306
complex_sum_z(496,146,820,794) -> 2256
complex_sum_z(209,543,442,608) -> 1802
complex_sum_z(222,798,509,25) -> 1554
complex_sum_z(776,888,404,106) -> 2174
complex_sum_z(989,193,282,525) -> 1989
complex_sum_z(756,828,503,325) -> 2412
complex_sum_z(164,547,393,155) -> 1259
complex_sum_z(480,636,575,797) -> 2488
complex_sum_z(777,815,519,921) -> 3032
complex_sum_z(997,336,392,608) -> 2333
complex_sum_z(984,339,865,857) -> 3045
complex_sum_z(402,627,633,77) -> 1739
complex_sum_z(445,863,792,481) -> 2581
complex_sum_z(482,77,934,29) -> 1522
complex_sum_z(241,134,118,749) -> 1242
complex_sum_z(58,701,744,363) -> 1866
complex_sum_z(587,440,314,422) -> 1763
complex_sum_z(302,10,63,45) -> 420
complex_sum_z(162,311,704,962) -> 2139
complex_sum_z(738,792,543,933) -> 3006
complex_sum_z(832,466,857,0) -> 2155
complex_sum_z(534,857,757,21) -> 2169
complex_sum_z(691,793,246,247) -> 1977
complex_sum_z(209,911,862,19) -> 2001
complex_sum_z(325,241,551,612) -> 1729
complex_sum_z(477,431,726,661) -> 2295
complex_sum_z(188,883,454,719) -> 2244
complex_sum_z(52,36,224,46) -> 358
complex_sum_z(798,326,779,790) -> 2693
complex_sum_z(853,798,638,468) -> 2757
complex_sum_z(140,100,665,99) -> 1004
complex_sum_z(919,525,602,100) -> 2146
complex_sum_z(354,809,84,484) -> 1731
complex_sum_z(524,73,851,215) -> 1663
complex_sum_z(6,485,168,232) -> 891
complex_sum_z(669,17,208,910) -> 1804
complex_sum_z(56,238,468,343) -> 1105
complex_sum_z(2,309,221,520) -> 1052
complex_sum_z(666,625,444,114) -> 1849
complex_sum_z(252,394,515,773) -> 1934
complex_sum_z(619,840,564,641) -> 2664
complex_sum_z(901,130,695,267) -> 1993
complex_sum_z(157,872,23,856) -> 1908
complex_sum_z(326,376,125,192) -> 1019
complex_sum_z(233,532,327,705) -> 1797
complex_sum_z(41,614,3,305) -> 963
complex_sum_z(741,174,173,268) -> 1356
complex_sum_z(741,140,802,382) -> 2065
complex_sum_z(70,356,60,104) -> 590
complex_sum_z(108,847,32,50) -> 1037
complex_sum_z(885,304,277,910) -> 2376
complex_sum_z(480,422,135,182) -> 1219
complex_sum_z(190,120,484,400) -> 1194
complex_sum_z(515,818,230,661) -> 2224
complex_sum_z(16,927,711,386) -> 2040
complex_sum_z(431,23,632,46) -> 1132
complex_sum_z(894,776,846,498) -> 3014
complex_sum_z(144,31,254,53) -> 482
complex_sum_z(164,16,837,355) -> 1372
complex_sum_z(904,422,457,662) -> 2445
complex_sum_z(94,73,972,838) -> 1977
complex_sum_z(638,542,275,44) -> 1499
complex_sum_z(113,99,337,472) -> 1021

packed_complex_sum_z

packed_complex_sum_z(269,221,189,916) -> 1595
packed_complex_sum_z(631,46,694,693) -> 2064
packed_complex_sum_z(828,342,953,804) -> 2927
packed_complex_sum_z(603,713,135,622) -> 2073
packed_complex_sum_z(455,909,177,773) -> 2314
packed_complex_sum_z(228,582,4,740) -> 1554
packed_complex_sum_z(652,861,328,266) -> 2107
packed_complex_sum_z(946,969,682,264) -> 2861
packed_complex_sum_z(147,558,545,494) -> 1744
packed_complex_sum_z(630,455,286,592) -> 1963
packed_complex_sum_z(637,584,995,84) -> 2300
packed_complex_sum_z(39,875,765,77) -> 1756
packed_complex_sum_z(349,905,751,76) -> 2081
packed_complex_sum_z(703,453,478,96) -> 1730
packed_complex_sum_z(574,616,407,675) -> 2272
packed_complex_sum_z(801,223,723,473) -> 2220
packed_complex_sum_z(898,546,724,723) -> 2891
packed_complex_sum_z(899,589,99,903) -> 2490
packed_complex_sum_z(960,74,762,469) -> 2265
packed_complex_sum_z(898,175,857,527) -> 2457
packed_complex_sum_z(369,413,287,600) -> 1669
packed_complex_sum_z(256,691,287,128) -> 1362
packed_complex_sum_z(802,578,638,37) -> 2055
packed_complex_sum_z(398,940,661,260) -> 2259
packed_complex_sum_z(52,788,80,149) -> 1069
packed_complex_sum_z(198,860,865,538) -> 2461
packed_complex_sum_z(397,430,289,790) -> 1906
packed_complex_sum_z(454,15,395,195) -> 1059
packed_complex_sum_z(355,435,936,768) -> 2494
packed_complex_sum_z(132,484,997,757) -> 2370
packed_complex_sum_z(589,17,687,197) -> 1490
packed_complex_sum_z(674,979,50,620) -> 2323
packed_complex_sum_z(938,681,561,167) -> 2347
packed_complex_sum_z(498,242,442,79) -> 1261
packed_complex_sum_z(217,436,919,773) -> 2345
packed_complex_sum_z(275,997,957,20) -> 2249
packed_complex_sum_z(39,862,5,669) -> 1575
packed_complex_sum_z(636,527,489,742) -> 2394
packed_complex_sum_z(648,661,151,176) -> 1636
packed_complex_sum_z(495,71,671,135) -> 1372
packed_complex_sum_z(478,530,94,167) -> 1269
packed_complex_sum_z(605,599,412,44) -> 1660
packed_complex_sum_z(709,233,6,168) -> 1116
packed_complex_sum_z(405,334,831,220) -> 1790
packed_complex_sum_z(518,462,217,603) -> 1800
packed_complex_sum_z(357,704,838,37) -> 1936
packed_complex_sum_z(878,512,370,393) -> 2153
packed_complex_sum_z(604,655,19,533) -> 1811
packed_complex_sum_z(943,63,989,285) -> 2280
packed_complex_sum_z(309,73,69,711) -> 1162
packed_complex_sum_z(763,812,522,345) -> 2442
packed_complex_sum_z(820,647,374,681) -> 2522
packed_complex_sum_z(540,367,648,701) -> 2256
packed_complex_sum_z(844,942,345,284) -> 2415
packed_complex_sum_z(642,824,389,387) -> 2242
packed_complex_sum_z(7,959,408,556) -> 1930
packed_complex_sum_z(872,143,409,284) -> 1708
packed_complex_sum_z(556,209,571,286) -> 1622
packed_complex_sum_z(932,138,137,973) -> 2180
packed_complex_sum_z(423,684,665,835) -> 2607
packed_complex_sum_z(294,551,396,235) -> 1476
packed_complex_sum_z(472,901,133,602) -> 2108
packed_complex_sum_z(851,119,889,293) -> 2152
packed_complex_sum_z(827,645,847,898) -> 3217
packed_complex_sum_z(65,169,357,766) -> 1357
packed_complex_sum_z(651,462,219,476) -> 1808
packed_complex_sum_z(499,262,556,203) -> 1520
packed_complex_sum_z(410,747,837,37) -> 2031
packed_complex_sum_z(790,530,914,471) -> 2705
packed_complex_sum_z(896,917,858,128) -> 2799
packed_complex_sum_z(370,565,510,679) -> 2124
packed_complex_sum_z(274,540,809,871) -> 2494
packed_complex_sum_z(397,341,395,284) -> 1417
packed_complex_sum_z(877,591,656,889) -> 3013
packed_complex_sum_z(542,223,997,209) -> 1971
packed_complex_sum_z(988,456,540,714) -> 2698
packed_complex_sum_z(753,831,762,332) -> 2678
packed_complex_sum_z(980,102,404,816) -> 2302
packed_complex_sum_z(344,362,941,927) -> 2574
packed_complex_sum_z(443,60,828,296) -> 1627
packed_complex_sum_z(356,360,40,48) -> 804
packed_complex_sum_z(233,678,664,890) -> 2465
packed_complex_sum_z(915,139,360,111) -> 1525
packed_complex_sum_z(741,556,609,947) -> 2853
packed_complex_sum_z(13,965,247,236) -> 1461
packed_complex_sum_z(315,984,224,713) -> 2236
packed_complex_sum_z(941,661,585,396) -> 2583
packed_complex_sum_z(592,411,502,263) -> 1768
packed_complex_sum_z(60,729,791,926) -> 2506
packed_complex_sum_z(651,143,541,337) -> 1672
packed_complex_sum_z(480,332,413,858) -> 2083
packed_complex_sum_z(12,775,871,797) -> 2455
packed_complex_sum_z(253,71,410,380) -> 1114
packed_complex_sum_z(735,472,348,732) -> 2287
packed_complex_sum_z(735,564,32,454) -> 1785
packed_complex_sum_z(714,322,548,823) -> 2407
packed_complex_sum_z(950,185,212,984) -> 2331
packed_complex_sum_z(28,829,902,103) -> 1862
packed_complex_sum_z(741,985,521,637) -> 2884
packed_complex_sum_z(830,792,682,75) -> 2379

product_9_f

product_9_f(&dest,225,745.83,757,706.94,834,305.52,817,979.96,990,496.84,832,1.24,593,75.82,343,629.09,908,423.16) -> dest: 34672638059735838555759546703228528937895198720.00
product_9_f(&dest,35,438.40,165,689.50,562,823.63,475,169.48,337,968.41,470,767.69,427,213.71,808,706.97,402,996.73) -> dest: 159986312202766666829435638190314131084458065920.00
product_9_f(&dest,813,460.11,564,194.73,12,474.51,385,504.59,29,253.46,290,645.22,426,152.11,263,871.05,564,240.25) -> dest: 125719400766357156635042971272201122640560128.00
product_9_f(&dest,100,594.80,167,922.90,766,523.09,492,327.73,952,316.81,264,13.40,729,788.86,875,312.84,440,31.94) -> dest: 1397688553428281129489498971569503761382506496.00
product_9_f(&dest,67,13.92,238,977.27,815,140.98,833,141.76,944,888.85,984,589.89,88,471.01,923,292.15,126,142.66) -> dest: 287980190973566353018999873206537442543271936.00
product_9_f(&dest,461,677.56,548,236.37,172,735.44,636,729.79,36,366.65,435,52.78,361,697.08,300,546.59,879,878.37) -> dest: 22934886082574640227579603497240648476960751616.00
product_9_f(&dest,35,110.90,219,250.86,394,321.96,681,576.00,261,162.90,655,924.08,752,617.23,617,306.88,978,709.67) -> dest: 16655909036141249100370741240423626978640265216.00
product_9_f(&dest,960,927.50,821,456.88,54,202.87,850,462.64,607,691.83,460,848.45,1,491.10,469,384.63,525,642.34) -> dest: 7044896347204590826269710515821800350587813888.00
product_9_f(&dest,911,50.54,212,645.70,830,362.20,291,20.44,436,989.25,527,148.17,561,313.30,717,541.33,470,608.52) -> dest: 7405797696108971556486166923703516832131448832.00
product_9_f(&dest,677,685.89,71,103.08,447,545.18,777,990.04,42,448.34,462,992.75,376,469.46,320,166.65,505,591.03) -> dest: 15458983160080372118277464968094951437898874880.00
product_9_f(&dest,849,327.57,689,497.03,594,656.74,82,157.05,326,42.32,493,565.62,751,200.32,33,905.20,456,156.40) -> dest: 590006232438827216142144634848343840465616896.00
product_9_f(&dest,912,162.95,804,103.63,12,564.22,199,464.05,793,457.37,162,735.53,164,419.26,756,425.83,610,270.92) -> dest: 1223805596346238492676399907794173406648205312.00
product_9_f(&dest,525,337.34,939,41.45,289,575.57,826,283.16,486,841.88,948,336.72,391,141.94,391,637.23,582,710.63) -> dest: 200312749823334786142757152736183486879683837952.00
product_9_f(&dest,860,468.85,369,952.95,639,829.50,486,964.11,316,961.65,537,413.65,738,212.25,469,836.65,152,401.74) -> dest: 8921190362534452467960175281836900420781820870656.00
product_9_f(&dest,701,335.98,741,248.46,530,296.86,495,184.08,426,986.97,191,175.49,260,642.43,662,343.93,37,507.21) -> dest: 6252650979634434182514825530756661801664905216.00
product_9_f(&dest,514,613.41,194,767.85,217,441.08,631,613.47,663,724.31,63,86.46,884,989.78,808,538.22,640,220.60) -> dest: 244515608612070514369448553302099128317510680576.00
product_9_f(&dest,128,767.79,352,663.39,981,598.05,991,882.15,515,315.37,724,574.11,232,440.47,633,754.44,286,946.46) -> dest: 10496583448847895400920214474598966979281217912832.00
product_9_f(&dest,723,501.18,17,731.06,94,145.74,374,777.60,833,991.58,153,573.91,674,541.34,701,169.60,872,244.63) -> dest: 12041440860003000675730253543258151380630634496.00
product_9_f(&dest,535,506.23,416,488.78,374,160.72,272,828.24,17,611.13,666,777.96,435,363.44,700,603.26,213,778.30) -> dest: 44427628447591755895972908438995316128515883008.00
product_9_f(&dest,680,452.59,359,529.26,274,686.74,714,133.33,752,750.61,885,491.37,549,196.73,758,203.52,54,223.37) -> dest: 51671608900801973990972479973654766087082868736.00
product_9_f(&dest,528,584.38,164,946.80,343,751.62,845,457.01,291,930.92,307,299.81,582,781.97,30,377.44,79,527.93) -> dest: 25560620928638679364034083420895363883019010048.00
product_9_f(&dest,542,888.74,823,535.37,598,871.58,366,442.93,668,770.65,724,929.44,666,150.18,512,302.85,105,426.30) -> dest: 4312472738114031545726755693346434459891142754304.00
product_9_f(&dest,523,92.39,72,740.72,595,560.60,667,343.06,902,628.93,209,367.06,319,634.56,535,603.15,670,641.31) -> dest: 240252296157215353791655498103416966027432427520.00
product_9_f(&dest,613,953.66,886,766.99,240,406.76,992,5.64,461,829.70,445,190.27,190,168.88,442,796.45,323,49.16) -> dest: 1259520449352509409165878573542095757422624768.00
product_9_f(&dest,836,882.64,22,195.77,461,87.48,425,23.35,164,845.00,821,140.76,348,154.96,408,902.49,810,977.59) -> dest: 320229966259584789551755315522966027975524352.00
product_9_f(&dest,13,345.49,960,729.39,952,516.05,44,243.85,216,665.36,205,243.30,636,246.91,911,65.21,138,237.99) -> dest: 36407362722922562751195305224935262168023040.00
product_9_f(&dest,389,712.99,783,881.64,812,111.69,677,429.67,295,692.26,598,896.59,749,409.50,216,552.12,665,151.83) -> dest: 2042597134947642613213792535118697858545022402560.00
product_9_f(&dest,172,857.81,637,365.20,114,173.13,609,439.11,589,518.97,906,494.10,646,706.24,68,99.92,232,159.87) -> dest: 2850000418539029085329697173322805105798414336.00
product_9_f(&dest,412,354.05,187,889.88,646,429.79,214,689.10,368,237.96,248,398.81,781,913.91,52,200.48,138,194.42) -> dest: 1718380358779585045505671284611761114928119808.00
product_9_f(&dest,554,141.89,706,945.36,94,367.98,362,666.06,225,574.87,557,379.98,884,377.09,503,692.47,852,711.85) -> dest: 843500177646112949244605812853112406935945084928.00
product_9_f(&dest,612,561.42,464,45.57,384,551.29,640,562.37,881,885.65,601,459.10,544,52.76,339,875.66,787,449.74) -> dest: 359378933318177978563164152542902684510343659520.00
product_9_f(&dest,201,115.00,353,953.53,674,598.42,320,298.96,926,27.58,450,260.07,716,474.73,636,64.33,486,551.69) -> dest: 3345527448962272935113134380810241601485930496.00
product_9_f(&dest,416,687.22,506,464.88,236,635.30,951,160.72,898,882.26,739,109.64,197,437.87,537,489.34,301,709.18) -> dest: 478675173946719339070634185424642419784683618304.00
product_9_f(&dest,427,475.74,117,325.76,169,912.26,948,976.50,382,16.79,374,901.29,851,979.08,110,443.99,77,706.70) -> dest: 5291333726723507460444966069778554627163160576.00
product_9_f(&dest,33,714.02,75,586.22,997,872.23,157,188.17,822,863.86,525,318.17,513,141.34,98,290.08,100,34.03) -> dest: 22141357835888094772611717779462068570685440.00
product_9_f(&dest,673,14.82,632,754.83,647,784.99,315,608.28,156,803.54,403,80.64,34,116.75,123,669.45,444,742.42) -> dest: 203254918029565104202334525841720856188813312.00
product_9_f(&dest,890,392.34,220,945.89,203,532.51,789,587.27,69,502.55,138,617.35,597,523.64,619,511.27,865,571.01) -> dest: 525433718096645939551615941153332330609715970048.00
product_9_f(&dest,416,427.25,563,892.11,259,547.82,834,532.98,671,419.18,25,896.53,725,991.95,317,345.20,268,78.39) -> dest: 58683210618593712251246476689728016560452272128.00
product_9_f(&dest,289,37.29,432,98.32,844,80.54,835,869.56,337,729.14,83,26.11,640,550.84,556,700.39,390,479.78) -> dest: 308985703941847579866311679829026572435718144.00
product_9_f(&dest,259,336.75,975,710.48,929,127.85,968,853.17,104,988.16,887,787.19,977,652.51,632,586.38,74,495.10) -> dest: 3680964957729328053131158888699445148167578845184.00
product_9_f(&dest,32,125.83,869,380.63,317,328.92,923,775.32,520,314.39,121,707.66,560,449.65,820,979.84,741,473.83) -> dest: 98819627363352021794401530668739994725797330944.00
product_9_f(&dest,692,777.17,591,487.44,303,456.44,843,162.73,395,529.77,493,175.78,45,958.03,451,332.26,492,637.44) -> dest: 107992352474343292762094271018832903306188161024.00
product_9_f(&dest,603,271.79,496,602.97,991,221.47,358,298.95,456,415.82,282,157.28,381,653.63,171,622.67,801,718.54) -> dest: 147779433036418130902176707834438352480663240704.00
product_9_f(&dest,93,332.73,328,903.90,974,793.81,204,577.72,506,343.73,831,383.08,873,476.71,977,336.97,347,568.86) -> dest: 1251812308020108378634701114207033462243041738752.00
product_9_f(&dest,437,718.62,657,177.68,810,195.48,855,482.33,194,585.75,159,162.33,881,781.34,129,209.24,619,302.38) -> dest: 24416681726398076590555846607732072015906996224.00
product_9_f(&dest,312,460.34,938,261.64,537,375.54,755,635.22,955,234.53,745,929.09,993,579.46,268,325.39,582,907.12) -> dest: 14000975679537736726273260571096878515138894757888.00
product_9_f(&dest,97,351.66,768,411.35,117,917.53,537,708.16,583,407.55,213,866.02,422,104.06,786,804.93,772,726.27) -> dest: 300346880068960296348035108182768630004541554688.00
product_9_f(&dest,950,468.85,176,913.94,399,459.86,803,823.27,920,47.06,462,859.85,199,363.53,699,531.73,831,891.79) -> dest: 2978161953501782028161290024816787987360267632640.00
product_9_f(&dest,152,954.46,663,167.23,475,494.65,238,538.11,342,412.31,326,181.72,136,315.20,291,929.48,299,335.00) -> dest: 4695931775220652036582013362217052362835492864.00
product_9_f(&dest,16,264.98,940,780.78,265,273.11,884,909.57,228,552.39,863,464.24,261,777.54,307,565.36,327,603.62) -> dest: 63523275958846090990740595061361261139369918464.00
product_9_f(&dest,739,65.58,313,897.10,868,770.50,763,155.85,51,579.33,91,487.56,667,299.80,635,472.83,671,580.84) -> dest: 33200125713227266949200999166291605427534692352.00
product_9_f(&dest,161,792.94,632,640.08,474,833.52,510,842.67,188,308.91,823,453.08,859,10.62,155,755.28,94,176.75) -> dest: 3369317032053201647432933668175321142996762624.00
product_9_f(&dest,254,209.03,565,600.39,723,642.52,909,81.74,71,455.62,646,356.59,589,21.60,655,819.04,569,202.10) -> dest: 3636159596503506283926667165173943154979635200.00
product_9_f(&dest,363,997.49,36,885.50,882,95.51,302,789.23,813,551.91,474,28.34,592,50.04,692,269.78,591,701.95) -> dest: 3204552528684267931998442557166537048959483904.00
product_9_f(&dest,595,171.07,247,406.12,42,269.18,600,47.79,773,886.86,72,982.28,212,85.39,711,892.46,4,508.55) -> dest: 3750103907517814814909175625324596144635904.00
product_9_f(&dest,618,357.54,237,821.40,640,110.22,230,100.14,883,442.70,597,969.73,56,288.57,14,806.45,100,601.01) -> dest: 173440515162644870659883410107190598938132480.00
product_9_f(&dest,785,194.30,713,372.22,946,879.09,796,460.58,141,946.37,767,448.11,820,395.23,323,711.50,638,360.69) -> dest: 9701127047979282984745638958803564226977936179200.00
product_9_f(&dest,198,827.70,703,417.18,837,663.19,57,674.03,684,77.88,162,752.07,956,714.37,171,551.86,652,388.97) -> dest: 108722914014259130364794113431051447936575602688.00
product_9_f(&dest,538,926.18,906,639.25,680,698.72,170,826.85,134,162.38,543,862.81,206,431.81,291,106.36,315,503.61) -> dest: 85815817457774271689600302262237418175248465920.00
product_9_f(&dest,818,483.45,822,853.66,75,235.55,28,791.27,961,417.96,874,959.85,556,201.59,210,665.54,361,949.84) -> dest: 196593162231058676033277215479673614070947250176.00
product_9_f(&dest,298,636.87,180,102.31,47,102.51,251,163.68,171,989.06,362,187.61,784,634.15,468,670.33,178,446.79) -> dest: 98565273744982890423147643433712869800148992.00
product_9_f(&dest,729,233.98,342,208.89,297,53.18,873,335.87,637,366.83,858,115.24,932,118.12,791,72.38,213,426.22) -> dest: 746106273792617255383033843027789206668705792.00
product_9_f(&dest,979,758.95,77,887.79,240,55.62,974,262.81,42,19.72,261,367.16,431,211.12,760,689.27,860,450.49) -> dest: 254410286475168083682392692414336029746528256.00
product_9_f(&dest,116,320.74,432,821.02,339,600.11,27,659.49,618,129.46,288,441.61,424,500.59,712,281.51,911,887.52) -> dest: 16731579602586870982841041805833126351361540096.00
product_9_f(&dest,952,301.36,428,160.94,357,1.85,465,776.77,525,875.35,67,269.66,858,426.65,393,634.95,75,984.08) -> dest: 263873121935201127024379543776779671626055680.00
product_9_f(&dest,493,780.67,290,1.95,108,824.10,286,837.49,40,827.78,325,618.86,827,321.92,81,641.62,646,630.02) -> dest: 173985036747795488786129894080221274334822400.00
product_9_f(&dest,806,462.47,517,701.46,320,136.44,214,915.88,683,630.85,88,234.05,58,463.67,446,692.79,84,519.47) -> dest: 3722224095450724652804789545813113330003345408.00
product_9_f(&dest,158,426.40,821,476.39,322,398.06,521,72.08,504,536.39,493,533.45,95,893.94,327,887.99,273,571.32) -> dest: 34682661917379102813005343428175954306496724992.00
product_9_f(&dest,209,772.83,133,613.70,36,620.95,787,524.27,664,836.76,597,487.66,894,141.91,808,11.47,25,82.06) -> dest: 47464527101654932417710981955454330441039872.00
product_9_f(&dest,956,931.74,192,617.32,745,336.40,523,856.06,61,309.17,328,109.90,696,391.90,891,318.51,393,30.08) -> dest: 7370260095873281373801920653259247494153371648.00
product_9_f(&dest,356,366.43,879,130.01,573,604.99,171,48.31,721,225.04,479,305.50,796,717.84,433,982.45,544,428.13) -> dest: 57382983731758058368391702886054654821590368256.00
product_9_f(&dest,699,845.47,580,819.31,54,795.47,480,250.22,501,980.60,504,692.40,488,44.42,812,855.37,775,963.89) -> dest: 2793399928466257283434117008733471720656647225344.00
product_9_f(&dest,397,520.03,878,345.70,867,564.77,87,292.12,972,166.66,368,730.21,945,325.97,771,249.49,772,687.34) -> dest: 1067302726663183402984470612964298830379579604992.00
product_9_f(&dest,937,903.19,835,14.97,688,461.79,839,597.01,335,774.03,664,614.61,398,575.41,925,531.94,909,288.45) -> dest: 5263772706588318399223922466045536226403338420224.00
product_9_f(&dest,717,78.16,257,467.24,345,412.81,663,525.56,984,216.44,744,768.10,766,111.93,699,67.24,931,653.41) -> dest: 99628345243520242073026284775502761227781668864.00
product_9_f(&dest,446,597.71,350,721.50,884,574.31,461,313.30,992,77.49,27,317.88,885,309.68,725,559.77,17,501.84) -> dest: 3090259282723640889181718024272640054715744256.00
product_9_f(&dest,202,557.88,275,837.90,376,373.81,775,243.53,569,569.39,277,454.66,739,856.94,211,340.22,607,429.59) -> dest: 333171581233190055628086022038888709165653426176.00
product_9_f(&dest,161,99.90,13,662.73,433,397.00,630,132.07,830,307.83,804,617.11,776,545.47,706,535.51,758,360.16) -> dest: 10977071473098260098967600257161108321587953664.00
product_9_f(&dest,583,21.97,695,96.66,421,577.31,298,310.16,931,90.39,331,513.97,863,216.07,491,599.87,787,399.20) -> dest: 4774757677676462094737997921477901206767534080.00
product_9_f(&dest,452,686.66,707,572.73,40,584.04,437,151.41,246,887.28,829,873.76,394,499.06,856,788.16,783,407.29) -> dest: 1299372243769404232933352549660586532438215229440.00
product_9_f(&dest,573,702.50,806,687.97,928,773.94,85,531.63,771,19.78,389,880.16,794,172.56,156,938.58,509,561.13) -> dest: 216730243487800508505916745779876694548553924608.00
product_9_f(&dest,546,187.89,641,357.65,690,544.98,812,763.33,355,244.13,187,449.95,943,443.84,69,865.18,995,425.76) -> dest: 423110693228188558540152285931885048710515654656.00
product_9_f(&dest,692,440.35,343,151.98,128,723.96,24,369.51,445,180.55,450,733.49,525,644.88,636,55.40,293,236.95) -> dest: 286692118766326865614084895578767146233102336.00
product_9_f(&dest,161,665.33,281,427.70,277,730.01,31,326.95,856,689.70,39,601.30,57,988.94,386,742.95,234,843.85) -> dest: 1166042228298228034177322617031573813900345344.00
product_9_f(&dest,122,182.78,22,392.83,69,822.63,215,17.52,460,266.95,715,540.66,187,751.74,77,41.45,698,261.24) -> dest: 160007907719157690839392274597312813072384.00
product_9_f(&dest,133,86.26,455,80.98,215,992.10,729,788.11,604,936.40,480,860.33,587,517.59,726,946.83,865,701.39) -> dest: 1533167117206088441445056957234536805650013356032.00
product_9_f(&dest,550,124.01,946,900.62,434,908.82,906,357.50,187,310.47,38,120.99,827,233.82,216,471.93,39,25.91) -> dest: 39477249993185366856677924570763640554127360.00
product_9_f(&dest,554,46.14,721,81.49,530,175.35,501,903.95,742,992.68,73,845.08,662,244.21,85,992.44,99,687.78) -> dest: 2667450606184278362331319823070405095592034304.00
product_9_f(&dest,690,344.94,959,394.98,168,646.06,912,804.68,472,126.95,202,634.29,783,788.73,871,736.82,76,744.11) -> dest: 1235692038551548419840659980509399845677672955904.00
product_9_f(&dest,597,944.52,166,853.49,857,431.61,708,341.77,299,195.86,243,117.65,316,108.94,211,119.57,730,379.54) -> dest: 2880599365034176758532504110072048137661317120.00
product_9_f(&dest,584,790.78,285,679.57,226,777.04,33,543.59,881,57.16,176,257.95,932,70.32,443,190.42,298,957.37) -> dest: 1015950627751214952845869574391433077129740288.00
product_9_f(&dest,496,197.05,938,694.04,895,251.60,649,60.98,978,737.85,532,137.62,995,549.21,281,108.14,325,233.57) -> dest: 37761717126476641306530974049737433107448987648.00
product_9_f(&dest,112,36.14,390,292.41,451,216.81,834,608.38,336,15.02,698,327.41,273,968.68,997,518.05,491,835.06) -> dest: 1478964269306035880560255519237241308025192448.00
product_9_f(&dest,43,66.98,383,101.54,847,806.21,965,942.46,35,861.40,731,330.52,950,895.25,192,3.99,306,105.76) -> dest: 10690084102106157929185628414863747904962560.00
product_9_f(&dest,310,842.09,476,332.84,191,635.11,751,31.05,472,429.92,503,43.08,279,871.49,258,113.10,606,354.30) -> dest: 783627685498036603116318337163909548516311040.00
product_9_f(&dest,769,845.44,141,113.24,208,670.94,825,852.74,711,729.61,509,897.48,883,752.64,956,382.46,811,81.21) -> dest: 3865159672953748076127420472745662879021188251648.00
product_9_f(&dest,309,295.98,150,8.03,905,45.62,419,845.18,984,176.70,505,615.61,508,610.69,825,762.82,331,846.09) -> dest: 4761057972530474788608184076766446377047687168.00
product_9_f(&dest,331,754.55,415,147.39,430,186.13,992,894.94,782,943.37,876,778.47,119,653.86,32,406.82,139,907.63) -> dest: 69785558895430853728078098538034857632193314816.00
product_9_f(&dest,225,814.69,229,106.46,391,443.86,450,707.02,409,484.85,116,865.64,829,721.16,659,746.59,606,542.88) -> dest: 475474398655634857105844502235714354648398692352.00
product_9_f(&dest,456,394.40,832,725.59,811,739.60,952,747.74,19,384.42,426,731.56,585,562.13,977,624.49,766,707.31) -> dest: 11470644492657070497671271468912298315633274126336.00
